44111111 nm. 111 4. 41111114. 44

olm· Amnem.
41,4. 48. 414. lehunum. 4111144.
44, 4. 441. 411. Α141414444,44414141411444114111,11444114441144
1444144141, 4114441 441 eun ’141111441444 sst-
14144114 tapetio 1114441441, 44 luendum
14114 41411444 414144 4111144441 cogit. fl-
41111.
. 444. 448 Α141414444Α41444414141444,4414144411441144·
14141, 44]·444114 Thrasybulo 44 4414111114, foe·
144, em 444444444114 411441 ammodo 444·
4414, 11 ml· 11444 iterum 14 1111111111 41411441.
4111141444 4.
44, 4. 444. 444. Dionysius 1411141 4111111414 tyrannidem 44441144.
11144,1. Do Regis. 1.
84, 4. 441. 444. 11111444411111111141114 Εςο144144411444,
44114911444444414114441 1111114414. Lyn. 1. m-
4148 04111.
..... ,1. 14441 ,444441444114144111141411141144111444414
11114414. 1.
44, 1. 448. 444. 41441444114 1411414444 44414441144441111·
441. 14111414.
44, 4. 444. 444. 1114411441 1144444144 absolvitur. Lyn. 1.
44, 4. 441. 441. 1111114414,114114414411ςὶ441 1114111114411144144·
4184111441444411 1411111114. 1414414. 4.
’ 44,1. 444. 444. 41411144444111114114411.4111111.
44, 4. 444. 444. 041144,1441144.4141,Ρ41441141414141441414111
lacedemonios 4111441141. con. 4.
Β, 4. 444. 444. Pluto 1414114111 144141144811114141.Ι1144,4.
44,1. 444. 444. 43441141 4441Ρ414141114114114114111. Con. 4. Ago·
1114.
........... Lysander, 4411 4414444441411114, 14 prelio 4414
’1111114111 44441111141441444414. Lyn. 4. cf.
1414444111. 81.
44, 4. 441. 444. conon 14444444411Ρ1414111444441111411441·
4411411 04141141 1111111. con. 4.
........... 1144411141, 41 Asin revocatum Coroneam 14444·
11144444 eorumque 1441111 1111111. 4444114.
44, 4. 448. 444. 0444444144411114 4141444114 111444441414144·
. 411, 44 4 ’11114414 44114414 41441141. Gom.
414.
........... 44111 0411444411 14141414. 1111141411, 84
44, 4. 444. 444. 14114141441141444114411141441 1144414404114411441.
1111114144. 4.
........... 0441111114 Velm 14414. 4141144. 041111. 1. 41.
........... Melpum 4 (141111 44144111. 014141. 4.
41,4. 441. 441. Aguihuu'npun 0411411114144411414141.Ας411·’
lm, 4.

 

