888888 88888. 88 o. 8888888. 88

olm. 8111. 188811. '

1814. 888. Ι. nmhpnuomnmvamneomsekqu
1188888181,ς8888,1188881α88081188. 1181118.
8 814.

...,. ... ... 0181881888881811888881188881818

188, 8. 881. 81111888888811 1818818818 88888811 118ι1181 88888
81118118. Ηιι111.8.1188811.1.

........... 1188818888· 88818888188818881881118888188
8811811. 0888111.

188,1. 888. 888. 1188881181 8888888188181888 88888188. 1188·
818. 8. ·

uz 8 888 m 8881 m 8888881 pam. 8188881888.

··········· 1188881181 88 1118888818 per 081188 8111888 1888811

- 18181188. 118818.

........... 18888 8880811 8888881888 088881118818888.
11. 4. 0888 888818 88 1888818888 m
8188888 coneg- 88 1881181. 8.

148, 8. . 818. 1888888818118881118881818088488818881888·
nn. 4. οη0881881888ι1888. 4. min-dio·
18888888 818811. 8. (188818 quidem 1888 88188·
18811818818888181888888811881188118. .

188, 4. . 817. Pop· 0888888818, 18 qn· Varro 81 Paula 088.
88 1188818818 818888188. 4. Pugn- 8.

141, 8. . 818. 18818 81 Muteno 088. 0818 18118888 81111881.
0811.

181, 8. . 818. 08888188, 888881 81, 811188811818 1818818888.
11888. 8.

188,1. m. 118888118188181881 888881, 881188811818181881·
81188. 11888. 8.

181, 8. . 881. 1188888881, 188188 11888118118,88811 18188118
opud 888888 818188 8 Nerone 08. 881 18188181
0818. 0811.

148, 4. . 188. Ρ.18181ο, pont 1181888818 88188818188,8811ι
188881881 18 11818888. 11888. 8. 0818 eju· qm·
188. 0811.

184, 1. 888. 11888118188181888 88188888 8811811818 1181888
888888188. 11888. 8.

144, 8. . 888. 11888118188811888881818888818888888.

188, 8. 888. nem Punic} 88888811818.1.

188,1. . 888. 1188881181 8881811881 888881 8888 1188888 888188,
88888818 118188 gerit 88888 88 8888818181
8818181811888111.1.

........... 0888 Magone 8888888 8888881118. 1.

188, 8. 884. 188. 0818, 8881881811, 1888181881 provinciam 88-

· 11881. 0811. 0111188818.

188, 1. 888. 188. 11.818888118,1..118818088.118881881,88888888·

mu, 88 1811881888, syrin regem, 8811. 8.Ι

 

